2
                    31                     0                    31
                     0             134217743                     0
             134217743                     0              67108887
                     0              67108887                     0
                524315                     0                524315
                     0       281474976710671                     0
       281474976710671                     0                262171
                     0                262171                     0
                     0
